GEOID,Civilian_EST,Tot1,Veteran_EST,Tot2
6037101110,3574,3671,97,3671
6037101122,2738,2973,235,2973
6037101210,4612,4673,61,4673
6037101220,2633,2718,85,2718
6037101300,3782,3906,124,3906
6037101400,3348,3506,158,3506
6037102103,1594,1698,104,1698
6037102104,3252,3385,133,3385
6037102105,1580,1696,116,1696
6037102107,3250,3433,183,3433
6037103101,2115,2293,178,2293
6037103102,3775,3881,106,3881
6037103200,5169,5460,291,5460
6037103300,2861,3060,199,3060
6037103400,5673,5918,245,5918
6037104103,2973,3209,236,3209
6037104105,4358,4431,73,4431
6037104108,3870,3980,110,3980
6037104124,3528,3809,281,3809
6037104201,3641,3690,49,3690
6037104203,3695,3767,72,3767
6037104204,2765,2890,125,2890
6037104310,3779,3848,69,3848
6037104320,4796,4870,74,4870
6037104401,2678,2692,14,2692
6037104403,2535,2570,35,2570
6037104404,2114,2114,0,2114
6037104500,2317,2332,15,2332
6037104610,2613,2636,23,2636
6037104620,2543,2580,37,2580
6037104701,2761,2795,34,2795
6037104703,1499,1515,16,1515
6037104704,3159,3263,104,3263
6037104810,4302,4366,64,4366
6037104821,2509,2525,16,2525
6037104822,1957,1975,18,1975
6037106010,2480,2646,166,2646
6037106020,4735,5049,314,5049
6037106111,3668,3803,135,3803
6037106112,4153,4382,229,4382
6037106113,2865,3008,143,3008
6037106114,4349,4417,68,4417
6037106403,2759,2853,94,2853
6037106405,3312,3401,89,3401
6037106406,4320,4592,272,4592
6037106407,2164,2274,110,2274
6037106408,2440,2464,24,2464
6037106510,3787,3899,112,3899
6037106520,4300,4435,135,4435
6037106603,2503,2583,80,2583
6037106604,3369,3443,74,3443
6037106641,1875,1976,101,1976
6037106642,2574,2696,122,2696
6037106643,3873,4028,155,4028
6037106645,2848,3013,165,3013
6037106646,2839,2955,116,2955
6037106648,3051,3084,33,3084
6037106649,1946,2023,77,2023
6037107010,2314,2351,37,2351
6037107020,4241,4359,118,4359
6037108101,1997,2046,49,2046
6037108102,2861,2998,137,2998
6037108103,2676,2845,169,2845
6037108104,1482,1530,48,1530
6037108201,4309,4471,162,4471
6037108202,5336,5505,169,5505
6037109100,2290,2397,107,2397
6037109200,2354,2507,153,2507
6037109300,2595,2721,126,2721
6037109400,2904,3018,114,3018
6037109500,3543,3556,13,3556
6037109601,4052,4260,208,4260
6037109603,3540,3648,108,3648
6037109604,2254,2441,187,2441
6037109700,3591,3716,125,3716
6037109800,4294,4396,102,4396
6037111100,2413,2573,160,2573
6037111201,2713,2875,162,2875
6037111202,4126,4381,255,4381
6037111204,5101,5283,182,5283
6037111205,3140,3318,178,3318
6037111206,3802,3989,187,3989
6037111301,5566,5811,245,5811
6037111302,4463,4724,261,4724
6037111400,6621,6993,372,6993
6037113101,2987,3128,141,3128
6037113102,2625,2745,120,2745
6037113211,3098,3197,99,3197
6037113212,2796,2878,82,2878
6037113213,4075,4276,201,4276
6037113231,1803,1901,98,1901
6037113232,3391,3591,200,3591
6037113233,6011,6078,67,6078
6037113234,3558,3691,133,3691
6037113235,1422,1472,50,1472
6037113237,3298,3390,92,3390
6037113301,1969,2141,172,2141
6037113303,3389,3557,168,3557
6037113321,5088,5248,160,5248
6037113322,3594,3792,198,3792
6037113401,4865,5025,160,5025
6037113421,5172,5328,156,5328
6037113422,5327,5533,206,5533
6037115101,4219,4463,244,4463
6037115103,3397,3432,35,3432
6037115104,4083,4211,128,4211
6037115201,6088,6295,207,6295
6037115202,4289,4490,201,4490
6037115301,3632,3869,237,3869
6037115302,3150,3211,61,3211
6037115401,4715,4807,92,4807
6037115403,2910,3031,121,3031
6037115404,2368,2420,52,2420
6037117101,4065,4134,69,4134
6037117102,2210,2272,62,2272
6037117201,3340,3428,88,3428
6037117202,2141,2261,120,2261
6037117301,3328,3448,120,3448
6037117302,4126,4327,201,4327
6037117303,2916,3083,167,3083
6037117404,3630,3674,44,3674
6037117405,2484,2484,0,2484
6037117407,2458,2475,17,2475
6037117408,2255,2322,67,2322
6037117510,2581,2616,35,2616
6037117520,2797,2815,18,2815
6037117530,4683,4744,61,4744
6037119001,3189,3281,92,3281
6037119002,5895,6022,127,6022
6037119201,3024,3087,63,3087
6037119202,3433,3527,94,3527
6037119310,3146,3237,91,3237
6037119320,3512,3567,55,3567
6037119340,2447,2473,26,2473
6037119341,2352,2393,41,2393
6037119342,2221,2241,20,2241
6037119400,4243,4345,102,4345
6037119700,3968,4082,114,4082
6037119800,5041,5176,135,5176
6037119900,3929,4074,145,4074
6037120010,2039,2078,39,2078
6037120020,3049,3078,29,3078
6037120030,1833,1857,24,1857
6037120103,2207,2213,6,2213
6037120104,1774,1801,27,1801
6037120105,2111,2164,53,2164
6037120106,3060,3097,37,3097
6037120107,2413,2421,8,2421
6037120108,3544,3635,91,3635
6037120300,4408,4523,115,4523
6037120400,5477,5581,104,5581
6037121010,3541,3680,139,3680
6037121020,2958,2995,37,2995
6037121101,2307,2368,61,2368
6037121102,1952,2066,114,2066
6037121210,2448,2520,72,2520
6037121221,1936,1989,53,1989
6037121222,3769,3792,23,3792
6037121600,2091,2171,80,2171
6037121801,2290,2380,90,2380
6037121802,2750,2899,149,2899
6037121900,3090,3142,52,3142
6037122000,5058,5236,178,5236
6037122120,3452,3573,121,3573
6037122121,2127,2184,57,2184
6037122122,1890,1930,40,1930
6037122200,2868,2901,33,2901
6037122410,2571,2638,67,2638
6037122420,3240,3284,44,3284
6037123010,2910,2984,74,2984
6037123020,2697,2756,59,2756
6037123103,3091,3144,53,3144
6037123104,3602,3692,90,3692
6037123203,2721,2752,31,2752
6037123204,2401,2417,16,2417
6037123205,1899,1907,8,1907
6037123206,2135,2179,44,2179
6037123301,3605,3661,56,3661
6037123303,2502,2553,51,2553
6037123304,3354,3490,136,3490
6037123410,3386,3465,79,3465
6037123420,3298,3326,28,3326
6037123510,3813,3919,106,3919
6037123520,2011,2068,57,2068
6037123601,4204,4248,44,4248
6037123602,2831,2906,75,2906
6037123700,3459,3541,82,3541
6037123800,4770,4977,207,4977
6037123901,3166,3263,97,3263
6037123902,2223,2260,37,2260
6037124000,4080,4341,261,4341
6037124102,3108,3145,37,3145
6037124103,1584,1610,26,1610
6037124104,2084,2128,44,2128
6037124105,2068,2100,32,2100
6037124201,2574,2728,154,2728
6037124203,2322,2385,63,2385
6037124204,2155,2194,39,2194
6037124300,2858,2913,55,2913
6037124400,3556,3656,100,3656
6037124500,2300,2425,125,2425
6037124600,2734,2827,93,2827
6037124700,4571,4699,128,4699
6037124902,2320,2390,70,2390
6037124903,3233,3353,120,3353
6037125100,5231,5415,184,5415
6037125200,2913,3009,96,3009
6037125310,4336,4396,60,4396
6037125320,5008,5167,159,5167
6037125401,4126,4192,66,4192
6037125402,3703,3819,116,3819
6037125501,2887,3092,205,3092
6037125502,3049,3149,100,3149
6037125600,2104,2164,60,2164
6037127102,4479,4591,112,4591
6037127103,2319,2368,49,2368
6037127104,2744,2824,80,2824
6037127210,4333,4472,139,4472
6037127220,3690,3741,51,3741
6037127300,3751,3865,114,3865
6037127400,4803,4892,89,4892
6037127520,3170,3215,45,3215
6037127603,1970,2005,35,2005
6037127604,2482,2531,49,2531
6037127605,3069,3121,52,3121
6037127606,2640,2733,93,2733
6037127711,2676,2750,74,2750
6037127712,2387,2454,67,2454
6037127803,3246,3307,61,3307
6037127804,3355,3439,84,3439
6037127805,3056,3066,10,3066
6037127806,2370,2406,36,2406
6037127910,3911,3984,73,3984
6037127920,3314,3386,72,3386
6037128101,2942,2995,53,2995
6037128102,3770,3854,84,3854
6037128210,3619,3663,44,3663
6037128220,2465,2509,44,2509
6037128302,3562,3617,55,3617
6037128303,2621,2676,55,2676
6037128400,3245,3347,102,3347
6037128500,3655,3846,191,3846
6037128601,3421,3515,94,3515
6037128602,2893,2990,97,2990
6037128702,4869,4979,110,4979
6037128801,2887,3018,131,3018
6037128802,4009,4162,153,4162
6037128910,3572,3716,144,3716
6037131010,4863,4945,82,4945
6037131020,4742,4859,117,4859
6037131100,2598,2701,103,2701
6037131200,2653,2813,160,2813
6037131300,4064,4166,102,4166
6037131400,4900,5068,168,5068
6037131600,3968,4123,155,4123
6037131701,3753,3857,104,3857
6037131702,2965,3143,178,3143
6037131800,4803,4957,154,4957
6037131900,3613,3788,175,3788
6037132001,2519,2647,128,2647
6037132002,2570,2704,134,2704
6037132101,3736,3898,162,3898
6037132102,4387,4627,240,4627
6037132300,5704,5861,157,5861
6037132501,3604,3707,103,3707
6037132502,3014,3099,85,3099
6037132700,3828,4070,242,4070
6037132900,3063,3180,117,3180
6037133000,3468,3667,199,3667
6037133100,4677,4857,180,4857
6037134001,2895,2915,20,2915
6037134002,3229,3308,79,3308
6037134101,4510,4668,158,4668
6037134103,3582,3750,168,3750
6037134104,3437,3565,128,3565
6037134201,3556,3680,124,3680
6037134302,3027,3160,133,3160
6037134303,5046,5172,126,5172
6037134304,2321,2430,109,2430
6037134305,3161,3183,22,3183
6037134306,3101,3203,102,3203
6037134421,2980,3068,88,3068
6037134422,3867,4095,228,4095
6037134423,2956,3162,206,3162
6037134424,2275,2388,113,2388
6037134520,4473,4510,37,4510
6037134521,2391,2400,9,2400
6037134522,2686,2763,77,2763
6037134710,4278,4368,90,4368
6037134720,3696,3776,80,3776
6037134800,5122,5246,124,5246
6037134901,2290,2393,103,2393
6037134903,4863,4935,72,4935
6037134904,3636,3714,78,3714
6037134905,3636,3684,48,3684
6037135102,3249,3468,219,3468
6037135111,2562,2639,77,2639
6037135113,2473,2604,131,2604
6037135114,4188,4365,177,4365
6037135201,2139,2240,101,2240
6037135202,3461,3558,97,3558
6037135203,5850,5992,142,5992
6037137000,3962,4116,154,4116
6037137103,4266,4492,226,4492
6037137104,2262,2362,100,2362
6037137201,4722,5069,347,5069
6037137301,1813,1905,92,1905
6037137302,3681,3881,200,3881
6037137401,3318,3479,161,3479
6037137402,3980,4399,419,4399
6037137501,3614,3777,163,3777
6037137502,3561,3815,254,3815
6037137504,1639,1716,77,1716
6037138000,3791,3973,182,3973
6037139001,4248,4390,142,4390
6037139200,4566,4673,107,4673
6037139301,3792,3920,128,3920
6037139302,4163,4359,196,4359
6037139303,3628,3711,83,3711
6037139401,2315,2499,184,2499
6037139402,2020,2083,63,2083
6037139502,2534,2598,64,2598
6037139503,4932,5057,125,5057
6037139504,3539,3592,53,3592
6037139600,4101,4222,121,4222
6037139701,4472,4785,313,4785
6037139702,4505,4674,169,4674
6037139703,2254,2348,94,2348
6037139801,2666,2812,146,2812
6037139802,3294,3412,118,3412
6037141101,4016,4141,125,4141
6037141102,2533,2627,94,2627
6037141201,3732,3823,91,3823
6037141202,2317,2389,72,2389
6037141302,5234,5433,199,5433
6037141303,2913,3017,104,3017
6037141304,2387,2449,62,2449
6037141400,3912,4088,176,4088
6037141500,2244,2379,135,2379
6037141600,3395,3505,110,3505
6037141700,2504,2643,139,2643
6037143100,3840,4162,322,4162
6037143200,3696,3802,106,3802
6037143300,5793,5951,158,5951
6037143400,5397,5628,231,5628
6037143500,3848,3914,66,3914
6037143602,3798,3998,200,3998
6037143603,2078,2168,90,2168
6037143604,3105,3214,109,3214
6037143700,3438,3519,81,3519
6037143800,4538,4734,196,4734
6037143901,3235,3324,89,3324
6037143902,2493,2542,49,2542
6037181000,5132,5428,296,5428
6037181300,3364,3487,123,3487
6037181400,3723,3843,120,3843
6037181500,3143,3290,147,3290
6037181600,3974,4063,89,4063
6037183101,2893,3001,108,3001
6037183103,3462,3580,118,3580
6037183104,1848,1971,123,1971
6037183220,3158,3246,88,3246
6037183221,2510,2551,41,2551
6037183222,2882,3021,139,3021
6037183300,2746,2818,72,2818
6037183401,1883,1958,75,1958
6037183402,2544,2563,19,2563
6037183510,2134,2212,78,2212
6037183520,2833,2864,31,2864
6037183610,2626,2694,68,2694
6037183620,2320,2374,54,2374
6037183701,3111,3199,88,3199
6037183702,2322,2445,123,2445
6037183810,3291,3356,65,3356
6037183820,2753,2827,74,2827
6037185100,5266,5449,183,5449
6037185202,3360,3489,129,3489
6037185203,2769,2799,30,2799
6037185204,1625,1739,114,1739
6037185310,2457,2495,38,2495
6037185320,2357,2373,16,2373
6037186100,4142,4276,134,4276
6037186201,2801,2918,117,2918
6037186202,1674,1731,57,1731
6037186203,2392,2502,110,2502
6037186301,2350,2370,20,2370
6037186302,4287,4376,89,4376
6037186401,2616,2637,21,2637
6037186403,2281,2373,92,2373
6037186404,2170,2196,26,2196
6037187101,2752,2789,37,2789
6037187102,2679,2713,34,2713
6037187200,2366,2392,26,2392
6037187300,2843,2881,38,2881
6037188100,3524,3566,42,3566
6037188201,3053,3135,82,3135
6037188202,2099,2130,31,2130
6037188300,3101,3161,60,3161
6037189101,2215,2326,111,2326
6037189102,2822,2860,38,2860
6037189201,3282,3356,74,3356
6037189202,2048,2122,74,2122
6037189300,2532,2613,81,2613
6037189400,3057,3192,135,3192
6037189500,3786,3902,116,3902
6037189600,3327,3455,128,3455
6037189701,3182,3296,114,3296
6037189702,1832,1893,61,1893
6037189800,3640,3677,37,3677
6037189902,5088,5187,99,5187
6037189903,2107,2165,58,2165
6037189904,2375,2402,27,2402
6037189905,2118,2134,16,2134
6037190100,4439,4465,26,4465
6037190201,2288,2364,76,2364
6037190202,3237,3287,50,3287
6037190301,5475,5656,181,5656
6037190401,2871,2903,32,2903
6037190402,2309,2412,103,2412
6037190510,3776,3840,64,3840
6037190520,3257,3316,59,3316
6037190700,2811,2891,80,2891
6037190801,2373,2427,54,2427
6037190802,2541,2566,25,2566
6037190901,3671,3733,62,3733
6037190902,3275,3354,79,3354
6037191000,3722,3803,81,3803
6037191110,3557,3607,50,3607
6037191120,3649,3755,106,3755
6037191201,3899,4005,106,4005
6037191203,2150,2167,17,2167
6037191204,1815,1830,15,1830
6037191301,2115,2133,18,2133
6037191302,1887,1931,44,1931
6037191410,3711,3781,70,3781
6037191420,3010,3165,155,3165
6037191500,4758,4846,88,4846
6037191610,3292,3313,21,3313
6037191620,2382,2408,26,2408
6037191710,2239,2283,44,2283
6037191720,2735,2744,9,2744
6037191810,2975,2994,19,2994
6037191820,2634,2687,53,2687
6037191901,2873,2979,106,2979
6037191902,2144,2204,60,2204
6037192001,2172,2232,60,2232
6037192002,2402,2447,45,2447
6037192300,2127,2222,95,2222
6037192410,3345,3447,102,3447
6037192420,3486,3494,8,3494
6037192510,3020,3036,16,3036
6037192520,3653,3706,53,3706
6037192610,3507,3586,79,3586
6037192620,2828,2836,8,2836
6037192700,3280,3369,89,3369
6037194101,3029,3100,71,3100
6037194102,2949,3084,135,3084
6037194200,3026,3135,109,3135
6037194300,3019,3085,66,3085
6037194401,2293,2331,38,2331
6037194402,3481,3516,35,3516
6037194500,1670,1711,41,1711
6037195100,4116,4278,162,4278
6037195201,2810,2887,77,2887
6037195202,2737,2824,87,2824
6037195300,3007,3089,82,3089
6037195400,4129,4258,129,4258
6037195500,4445,4494,49,4494
6037195600,2791,2826,35,2826
6037195710,3505,3573,68,3573
6037195720,1892,1916,24,1916
6037195802,2259,2304,45,2304
6037195803,2405,2441,36,2441
6037195804,2158,2158,0,2158
6037195901,1894,1936,42,1936
6037195902,1695,1733,38,1733
6037195903,1969,1982,13,1982
6037197200,3061,3153,92,3153
6037197300,3498,3576,78,3576
6037197410,3766,3885,119,3885
6037197420,3020,3043,23,3043
6037197500,3178,3227,49,3227
6037197600,2001,2035,34,2035
6037197700,4281,4289,8,4289
6037199000,4166,4217,51,4217
6037199110,1993,2077,84,2077
6037199120,3216,3273,57,3273
6037199201,3001,3084,83,3084
6037199202,2262,2337,75,2337
6037199300,2972,3060,88,3060
6037199400,3560,3613,53,3613
6037199700,2476,2532,56,2532
6037199800,4129,4142,13,4142
6037199900,1991,2019,28,2019
6037201110,1780,1856,76,1856
6037201120,2816,2873,57,2873
6037201200,1908,1944,36,1944
6037201301,2926,3004,78,3004
6037201302,3565,3659,94,3659
6037201401,3679,3729,50,3729
6037201402,4216,4321,105,4321
6037201501,4460,4554,94,4554
6037201503,2346,2367,21,2367
6037201504,1771,1830,59,1830
6037201601,1781,1870,89,1870
6037201602,2351,2421,70,2421
6037201700,5056,5146,90,5146
6037203100,3105,3149,44,3149
6037203200,3540,3611,71,3611
6037203300,1251,1265,14,1265
6037203500,2214,2255,41,2255
6037203600,3728,3766,38,3766
6037203710,2528,2547,19,2547
6037203720,2941,3011,70,3011
6037203800,3348,3454,106,3454
6037203900,2266,2313,47,2313
6037204110,2418,2440,22,2440
6037204120,2142,2202,60,2202
6037204200,2370,2376,6,2376
6037204300,3466,3515,49,3515
6037204410,1433,1461,28,1461
6037204420,2216,2271,55,2271
6037204600,2951,3006,55,3006
6037204700,3894,3914,20,3914
6037204810,3815,3837,22,3837
6037204820,1639,1685,46,1685
6037204910,2552,2586,34,2586
6037204920,1918,1948,30,1948
6037205110,2641,2651,10,2651
6037205120,2443,2455,12,2455
6037206010,2795,2831,36,2831
6037206020,8083,8403,320,8403
6037206031,3363,3480,117,3480
6037206032,4118,4128,10,4128
6037206050,1750,1821,71,1821
6037206200,3396,3504,108,3504
6037206300,5372,5937,565,5937
6037207101,3289,3344,55,3344
6037207102,2207,2265,58,2265
6037207103,1927,1961,34,1961
6037207301,4738,4907,169,4907
6037207302,4432,4610,178,4610
6037207400,1044,1056,12,1056
6037207501,2121,2203,82,2203
6037207502,2796,2889,93,2889
6037207710,3810,3912,102,3912
6037207900,4518,4589,71,4589
6037208000,5977,6029,52,6029
6037208301,1548,1559,11,1559
6037208302,3407,3411,4,3411
6037208401,3451,3535,84,3535
6037208402,2380,2409,29,2409
6037208501,1810,1833,23,1833
6037208502,2843,2865,22,2865
6037208610,3855,3943,88,3943
6037208620,3455,3500,45,3500
6037208710,3828,3882,54,3882
6037208720,3409,3460,51,3460
6037208801,2596,2604,8,2604
6037208802,2743,2813,70,2813
6037208902,2117,2117,0,2117
6037208903,3406,3469,63,3469
6037208904,2992,3026,34,3026
6037209102,4300,4378,78,4378
6037209103,2566,2577,11,2577
6037209104,1794,1805,11,1805
6037209200,3412,3439,27,3439
6037209300,3527,3561,34,3561
6037209401,2949,2990,41,2990
6037209402,2906,2946,40,2946
6037209403,2887,2913,26,2913
6037209510,2190,2227,37,2227
6037209520,1961,1996,35,1996
6037209810,2140,2178,38,2178
6037209820,2082,2094,12,2094
6037210010,2862,2886,24,2886
6037211000,3771,3884,113,3884
6037211120,4939,5044,105,5044
6037211121,1776,1812,36,1812
6037211122,2769,2844,75,2844
6037211201,2362,2407,45,2407
6037211202,2039,2054,15,2054
6037211310,3419,3440,21,3440
6037211320,2587,2596,9,2596
6037211410,2275,2303,28,2303
6037211420,2877,2915,38,2915
6037211500,3349,3456,107,3456
6037211701,2288,2323,35,2323
6037211703,3918,4006,88,4006
6037211704,2489,2511,22,2511
6037211802,3560,3596,36,3596
6037211803,3066,3112,46,3112
6037211804,2769,2797,28,2797
6037211910,3650,3708,58,3708
6037211921,1911,2069,158,2069
6037211922,2685,2710,25,2710
6037212101,2725,2776,51,2776
6037212102,1995,2022,27,2022
6037212202,2810,2828,18,2828
6037212203,2389,2426,37,2426
6037212204,2461,2469,8,2469
6037212303,2726,2756,30,2756
6037212304,1427,1458,31,1458
6037212305,2313,2318,5,2318
6037212306,2383,2447,64,2447
6037212410,3704,3751,47,3751
6037212420,2749,2784,35,2784
6037212501,1730,1817,87,1817
6037212502,2449,2501,52,2501
6037212610,3477,3537,60,3537
6037212620,3472,3539,67,3539
6037212701,2089,2155,66,2155
6037212702,3126,3219,93,3219
6037212800,3158,3186,28,3186
6037212900,3517,3613,96,3613
6037213100,2372,2429,57,2429
6037213201,3442,3464,22,3464
6037213202,3081,3098,17,3098
6037213310,3050,3088,38,3088
6037213320,2022,2033,11,2033
6037213401,3925,3991,66,3991
6037213402,3406,3439,33,3439
6037214000,2642,2720,78,2720
6037214100,2958,3023,65,3023
6037214400,2654,2672,18,2672
6037214501,2330,2374,44,2374
6037214502,4520,4619,99,4619
6037214503,2825,2904,79,2904
6037214600,2226,2302,76,2302
6037214700,2290,2331,41,2331
6037214800,2698,2728,30,2728
6037214901,2886,2940,54,2940
6037214902,2601,2642,41,2642
6037215101,2703,2739,36,2739
6037215102,2920,2981,61,2981
6037216100,2081,2162,81,2162
6037216200,4981,5052,71,5052
6037216300,4118,4209,91,4209
6037216401,3799,3848,49,3848
6037216402,2552,2617,65,2617
6037216700,3082,3192,110,3192
6037216800,2507,2629,122,2629
6037216900,4363,4462,99,4462
6037217001,2081,2114,33,2114
6037217002,4215,4316,101,4316
6037217100,5129,5345,216,5345
6037217200,3209,3304,95,3304
6037218110,2672,2783,111,2783
6037218120,3882,3949,67,3949
6037218210,2809,2894,85,2894
6037218220,3469,3574,105,3574
6037218300,4161,4196,35,4196
6037218400,3428,3574,146,3574
6037218500,2164,2255,91,2255
6037218600,2563,2593,30,2593
6037218701,1841,1916,75,1916
6037218702,1656,1719,63,1719
6037218800,2363,2460,97,2460
6037218900,4664,4795,131,4795
6037219010,2474,2507,33,2507
6037219020,3486,3571,85,3571
6037219300,2985,3163,178,3163
6037219500,1438,1540,102,1540
6037219700,3389,3491,102,3491
6037219800,2270,2309,39,2309
6037219901,3374,3418,44,3418
6037219902,2932,2967,35,2967
6037220000,4316,4460,144,4460
6037220100,2136,2229,93,2229
6037221110,2855,2871,16,2871
6037221120,2432,2474,42,2474
6037221210,2465,2536,71,2536
6037221220,2897,2928,31,2928
6037221302,4180,4238,58,4238
6037221303,2218,2264,46,2264
6037221304,2847,2901,54,2901
6037221401,2629,2717,88,2717
6037221402,2289,2398,109,2398
6037221500,2962,3101,139,3101
6037221601,2299,2344,45,2344
6037221602,2103,2116,13,2116
6037221710,2152,2179,27,2179
6037221810,2300,2331,31,2331
6037221820,2380,2406,26,2406
6037221900,3327,3327,0,3327
6037222001,2310,2385,75,2385
6037222002,3456,3513,57,3513
6037222100,3182,3224,42,3224
6037222200,2780,2840,60,2840
6037222500,3798,3848,50,3848
6037222600,4535,4571,36,4571
6037222700,4085,4090,5,4090
6037224010,1957,1971,14,1971
6037224020,1958,1958,0,1958
6037224200,1915,1918,3,1918
6037224310,1419,1443,24,1443
6037224320,2412,2430,18,2430
6037224410,2844,2870,26,2870
6037224420,1940,1963,23,1963
6037224600,2453,2488,35,2488
6037224700,6392,6410,18,6410
6037226001,1649,1654,5,1654
6037226002,1563,1591,28,1591
6037226410,2522,2526,4,2526
6037226420,4010,4010,0,4010
6037226700,4686,4686,0,4686
6037227010,3359,3372,13,3372
6037227020,2494,2526,32,2526
6037228100,3430,3441,11,3441
6037228210,2768,2804,36,2804
6037228220,2919,2950,31,2950
6037228310,3182,3198,16,3198
6037228320,2160,2192,32,2192
6037228410,2472,2472,0,2472
6037228420,2201,2201,0,2201
6037228500,3408,3481,73,3481
6037228600,3245,3293,48,3293
6037228710,2590,2641,51,2641
6037228720,3126,3150,24,3150
6037228800,3481,3533,52,3533
6037228900,1760,1772,12,1772
6037229100,3509,3516,7,3516
6037229200,3346,3407,61,3407
6037229300,3662,3708,46,3708
6037229410,2249,2249,0,2249
6037229420,3134,3169,35,3169
6037231100,2637,2694,57,2694
6037231210,2544,2574,30,2574
6037231220,3333,3363,30,3363
6037231300,4160,4256,96,4256
6037231400,4148,4278,130,4278
6037231500,3722,3812,90,3812
6037231600,5085,5226,141,5226
6037231710,2751,2775,24,2775
6037231720,3680,3739,59,3739
6037231800,3403,3446,43,3446
6037231900,3717,3735,18,3735
6037232110,2154,2175,21,2175
6037232120,3858,3867,9,3867
6037232200,2406,2500,94,2500
6037232300,3915,4063,148,4063
6037232400,5341,5506,165,5506
6037232500,3407,3557,150,3557
6037232600,4441,4509,68,4509
6037232700,4553,4634,81,4634
6037232800,2646,2650,4,2650
6037234000,4182,4365,183,4365
6037234200,2001,2056,55,2056
6037234300,3512,3712,200,3712
6037234501,2063,2178,115,2178
6037234502,2329,2455,126,2455
6037234600,3750,3884,134,3884
6037234700,2929,3065,136,3065
6037234800,2808,2915,107,2915
6037234901,1853,1924,71,1924
6037234902,2896,2983,87,2983
6037235100,3979,4141,162,4141
6037235201,2317,2478,161,2478
6037235202,3606,3767,161,3767
6037236000,4038,4283,245,4283
6037236100,4641,4952,311,4952
6037236202,4374,4541,167,4541
6037236203,2560,2726,166,2726
6037236204,2200,2325,125,2325
6037236400,3717,3950,233,3950
6037237101,2710,2755,45,2755
6037237102,2256,2271,15,2271
6037237201,2786,2839,53,2839
6037237202,3394,3460,66,3460
6037237300,3948,4135,187,4135
6037237401,2900,3001,101,3001
6037237402,2391,2501,110,2501
6037237500,2005,2024,19,2024
6037237600,2810,2894,84,2894
6037237710,2656,2690,34,2690
6037237720,2160,2205,45,2205
6037237800,2984,3184,200,3184
6037237900,3277,3404,127,3404
6037238000,4842,5004,162,5004
6037238100,3445,3663,218,3663
6037238200,3932,4151,219,4151
6037238310,3671,3756,85,3756
6037238320,2455,2486,31,2486
6037238400,4142,4503,361,4503
6037239201,2646,2674,28,2674
6037239202,3676,3693,17,3693
6037239310,2834,2869,35,2869
6037239320,2894,2920,26,2920
6037239330,2042,2049,7,2049
6037239501,2698,2716,18,2716
6037239502,2538,2602,64,2602
6037239601,2383,2442,59,2442
6037239602,2516,2557,41,2557
6037239701,3099,3110,11,3110
6037239702,2864,2910,46,2910
6037239801,2166,2187,21,2187
6037239802,3699,3751,52,3751
6037240010,2524,2540,16,2540
6037240020,3808,3941,133,3941
6037240200,3685,3711,26,3711
6037240300,3393,3440,47,3440
6037240401,3739,3776,37,3776
6037240402,2649,2723,74,2723
6037240500,4268,4328,60,4328
6037240600,4140,4162,22,4162
6037240700,4729,4738,9,4738
6037240800,3232,3277,45,3277
6037240900,3995,4107,112,4107
6037241001,3176,3229,53,3229
6037241002,2484,2587,103,2587
6037241110,2311,2330,19,2330
6037241120,3539,3644,105,3644
6037241201,2290,2346,56,2346
6037241202,3613,3752,139,3752
6037241300,1855,1875,20,1875
6037241400,2519,2534,15,2534
6037242000,2857,2982,125,2982
6037242100,1478,1478,0,1478
6037242200,4322,4353,31,4353
6037242300,3210,3264,54,3264
6037242600,3028,3052,24,3052
6037242700,3809,3874,65,3874
6037243000,4557,4595,38,4595
6037243100,3864,3915,51,3915
6037261101,2947,3045,98,3045
6037261102,3097,3309,212,3309
6037261200,3409,3553,144,3553
6037262100,2477,2574,97,2574
6037262200,3714,3849,135,3849
6037262301,2362,2424,62,2424
6037262302,2254,2320,66,2320
6037262303,2362,2484,122,2484
6037262400,2206,2336,130,2336
6037262501,2777,3011,234,3011
6037262601,2679,2783,104,2783
6037262604,4637,5044,407,5044
6037262704,2838,2942,104,2942
6037262706,2798,3052,254,3052
6037262802,2436,2531,95,2531
6037264000,2500,2672,172,2672
6037264102,2526,2608,82,2608
6037264103,2456,2508,52,2508
6037264301,4785,4917,132,4917
6037264302,5012,5181,169,5181
6037265100,2221,2461,240,2461
6037265201,2452,2516,64,2516
6037265202,3135,3224,89,3224
6037265301,10223,10223,0,10223
6037265303,4669,4696,27,4696
6037265304,3099,3100,1,3100
6037265305,3888,3888,0,3888
6037265410,1169,1186,17,1186
6037265420,1503,1556,53,1556
6037265510,4048,4141,93,4141
6037265520,4206,4348,142,4348
6037265601,2832,2955,123,2955
6037265602,2517,2645,128,2645
6037265700,4387,4539,152,4539
6037267100,5690,5793,103,5793
6037267200,5399,5441,42,5441
6037267300,4415,4542,127,4542
6037267402,4591,4645,54,4645
6037267403,3081,3172,91,3172
6037267404,2881,2934,53,2934
6037267501,5902,5932,30,5932
6037267502,2948,2978,30,2978
6037267600,2273,2309,36,2309
6037267700,2863,2897,34,2897
6037267800,2174,2228,54,2228
6037267901,2104,2270,166,2270
6037267902,2792,2912,120,2912
6037269000,4428,4565,137,4565
6037269100,3189,3279,90,3279
6037269300,2830,2928,98,2928
6037269500,2764,2831,67,2831
6037269601,2666,2733,67,2733
6037269602,2537,2606,69,2606
6037269700,3277,3339,62,3339
6037269800,2694,2746,52,2746
6037269903,3298,3359,61,3359
6037269904,3420,3506,86,3506
6037269905,2258,2310,52,2310
6037269906,2573,2641,68,2641
6037269907,2639,2652,13,2652
6037270100,3832,3931,99,3931
6037270200,2989,3083,94,3083
6037270300,2014,2092,78,2092
6037271100,1998,2063,65,2063
6037271200,2357,2384,27,2384
6037271300,3681,3780,99,3780
6037271400,2935,3109,174,3109
6037271500,2546,2720,174,2720
6037271600,3889,3990,101,3990
6037271701,4897,5106,209,5106
6037271702,3434,3478,44,3478
6037271801,3132,3211,79,3211
6037271802,4809,4890,81,4890
6037271901,2787,2883,96,2883
6037271902,3468,3580,112,3580
6037272100,3675,3808,133,3808
6037272201,2266,2354,88,2354
6037272202,3140,3175,35,3175
6037272301,2739,2808,69,2808
6037272302,3513,3661,148,3661
6037273100,2101,2198,97,2198
6037273200,2741,2826,85,2826
6037273300,2652,2693,41,2693
6037273402,2684,2770,86,2770
6037273502,2663,2724,61,2724
6037273600,1938,1965,27,1965
6037273700,2410,2505,95,2505
6037273800,2632,2727,95,2727
6037273902,3640,3768,128,3768
6037274100,3698,3843,145,3843
6037274202,3897,4071,174,4071
6037275101,1078,1082,4,1082
6037275102,3043,3190,147,3190
6037275200,3339,3427,88,3427
6037275302,4261,4465,204,4465
6037275311,5014,5220,206,5220
6037275400,3194,3406,212,3406
6037275500,4516,4600,84,4600
6037275602,7836,8097,261,8097
6037275603,2321,2480,159,2480
6037276000,4547,4955,408,4955
6037276100,5084,5401,317,5401
6037276400,3479,3634,155,3634
6037276500,5154,5215,61,5215
6037276601,3530,3709,179,3709
6037276603,4751,5002,251,5002
6037276604,4008,4212,204,4212
6037277000,4454,4690,236,4690
6037277100,2506,2610,104,2610
6037277200,1988,2036,48,2036
6037277400,1152,1181,29,1181
6037278001,2093,2191,98,2191
6037278102,2905,3008,103,3008
6037291110,2767,2886,119,2886
6037291120,1735,1766,31,1766
6037291130,2787,2872,85,2872
6037291210,4132,4317,185,4317
6037291220,2835,2912,77,2912
6037291300,2260,2435,175,2435
6037292000,4612,4666,54,4666
6037293201,5468,5621,153,5621
6037293202,4189,4282,93,4282
6037293301,2540,2679,139,2679
6037293302,4237,4371,134,4371
6037293304,3456,3638,182,3638
6037293306,2048,2129,81,2129
6037293307,2052,2111,59,2111
6037294110,3060,3200,140,3200
6037294120,1609,1614,5,1614
6037294200,3708,3797,89,3797
6037294301,2041,2115,74,2115
6037294302,3172,3272,100,3272
6037294410,3344,3449,105,3449
6037294421,2169,2235,66,2235
6037294510,3263,3342,79,3342
6037294520,2493,2536,43,2536
6037294610,3111,3153,42,3153
6037294620,3449,3487,38,3487
6037294701,2192,2234,42,2234
6037294810,2753,2788,35,2788
6037294820,2429,2481,52,2481
6037294830,2558,2576,18,2576
6037294900,2459,2517,58,2517
6037295103,4231,4522,291,4522
6037296210,2272,2317,45,2317
6037296220,3121,3197,76,3197
6037296300,3960,4198,238,4198
6037296401,2700,2816,116,2816
6037296402,2471,2661,190,2661
6037296500,2940,3000,60,3000
6037296600,3761,3954,193,3954
6037296901,3037,3120,83,3120
6037296902,3034,3267,233,3267
6037297000,4236,4582,346,4582
6037297110,3629,3770,141,3770
6037297120,2529,2585,56,2585
6037297201,2996,3109,113,3109
6037297202,3261,3412,151,3412
6037297300,1416,1612,196,1612
6037297400,3031,3270,239,3270
6037297500,4015,4235,220,4235
6037297601,1838,2199,361,2199
6037297602,3248,3346,98,3346
6037300100,4407,4711,304,4711
6037300200,4332,4534,202,4534
6037300301,4787,4972,185,4972
6037300400,4688,4961,273,4961
6037300501,2411,2505,94,2505
6037300502,4689,4831,142,4831
6037300600,7395,7648,253,7648
6037300701,4863,5247,384,5247
6037300702,4162,4212,50,4212
6037300800,6248,6457,209,6457
6037300901,5227,5535,308,5535
6037300902,1707,1801,94,1801
6037301000,3964,4059,95,4059
6037301100,5619,5753,134,5753
6037301203,3896,3976,80,3976
6037301204,4568,4685,117,4685
6037301205,1784,1859,75,1859
6037301206,4401,4453,52,4453
6037301300,1536,1593,57,1593
6037301400,3144,3196,52,3196
6037301501,1660,1693,33,1693
6037301502,5626,5657,31,5657
6037301601,5783,5963,180,5963
6037301602,3524,3620,96,3620
6037301701,2543,2611,68,2611
6037301702,4718,4820,102,4820
6037301801,3996,4040,44,4040
6037301802,3350,3385,35,3385
6037301900,6725,6870,145,6870
6037302002,3201,3252,51,3252
6037302003,3355,3407,52,3407
6037302004,3700,3729,29,3729
6037302102,5249,5351,102,5351
6037302103,5007,5068,61,5068
6037302104,3347,3389,42,3389
6037302201,3151,3151,0,3151
6037302202,4353,4382,29,4382
6037302301,3580,3695,115,3695
6037302302,4464,4524,60,4524
6037302401,5308,5476,168,5476
6037302503,3461,3496,35,3496
6037302504,3440,3504,64,3504
6037302505,3392,3441,49,3441
6037302506,2888,2963,75,2963
6037310100,4731,5065,334,5065
6037310201,4439,4559,120,4559
6037310202,4184,4278,94,4278
6037310300,2133,2352,219,2352
6037310400,2595,2717,122,2717
6037310501,3207,3239,32,3239
6037310601,5182,5239,57,5239
6037310602,2177,2292,115,2292
6037310701,2070,2106,36,2106
6037310702,6216,6385,169,6385
6037310703,3995,4099,104,4099
6037310800,4139,4338,199,4338
6037310900,5193,5491,298,5491
6037311000,2940,3036,96,3036
6037311100,3171,3299,128,3299
6037311200,2571,2787,216,2787
6037311300,3134,3256,122,3256
6037311400,1892,1999,107,1999
6037311500,4490,4842,352,4842
6037311600,6020,6217,197,6217
6037311700,4893,5345,452,5345
6037311801,2359,2494,135,2494
6037311802,3120,3271,151,3271
6037320000,0,0,0,0
6037320100,5661,5835,174,5835
6037320201,3061,3178,117,3178
6037320202,4206,4357,151,4357
6037320300,5179,5277,98,5277
6037400204,4706,5017,311,5017
6037400205,2318,2454,136,2454
6037400206,4099,4429,330,4429
6037400207,3584,3841,257,3841
6037400302,2389,2566,177,2566
6037400304,5867,6167,300,6167
6037400402,3328,3537,209,3537
6037400403,3325,3473,148,3473
6037400404,3589,3899,310,3899
6037400501,1720,1837,117,1837
6037400602,3263,3358,95,3358
6037400603,3823,3934,111,3934
6037400604,2406,2482,76,2482
6037400800,6279,6444,165,6444
6037400900,3372,3583,211,3583
6037401001,2463,2663,200,2663
6037401002,2929,3153,224,3153
6037401101,3933,4080,147,4080
6037401102,2472,2617,145,2617
6037401201,2467,2650,183,2650
6037401202,3810,4112,302,4112
6037401203,4277,4504,227,4504
6037401303,1853,1958,105,1958
6037401304,4863,5128,265,5128
6037401311,4622,4823,201,4823
6037401312,4542,4971,429,4971
6037401500,4835,5092,257,5092
6037401601,4397,4806,409,4806
6037401602,4369,4687,318,4687
6037401603,2323,2506,183,2506
6037401701,3594,3892,298,3892
6037401703,3451,3634,183,3634
6037401704,4861,5047,186,5047
6037401800,6557,7183,626,7183
6037401901,3928,3933,5,3933
6037401902,4856,5086,230,5086
6037402001,2347,2507,160,2507
6037402002,3173,3338,165,3338
6037402101,3906,4076,170,4076
6037402102,3626,3783,157,3783
6037402200,5463,5706,243,5706
6037402301,4084,4223,139,4223
6037402303,2866,2917,51,2917
6037402304,3013,3068,55,3068
6037402402,5028,5121,93,5121
6037402403,4186,4274,88,4274
6037402404,1905,1905,0,1905
6037402405,2175,2324,149,2324
6037402406,3675,3746,71,3746
6037402501,3950,3967,17,3967
6037402502,4803,4896,93,4896
6037402600,5681,5976,295,5976
6037402702,4067,4112,45,4112
6037402703,3562,3654,92,3654
6037402705,2594,2671,77,2671
6037402706,3178,3213,35,3213
6037402801,3069,3108,39,3108
6037402803,2167,2213,46,2213
6037402804,2829,2869,40,2869
6037402902,5189,5275,86,5275
6037402903,3117,3198,81,3198
6037402904,2753,2889,136,2889
6037403000,5660,5822,162,5822
6037403200,643,693,50,693
6037403303,2194,2304,110,2304
6037403304,4316,4542,226,4542
6037403305,1704,1787,83,1787
6037403312,3984,4134,150,4134
6037403316,5541,5796,255,5796
6037403317,3739,3930,191,3930
6037403318,4978,5127,149,5127
6037403319,3553,3773,220,3773
6037403320,4048,4182,134,4182
6037403321,5057,5268,211,5268
6037403322,3058,3177,119,3177
6037403323,4338,4519,181,4519
6037403324,5864,5946,82,5946
6037403325,4093,4213,120,4213
6037403401,4309,4482,173,4482
6037403402,2963,3110,147,3110
6037403403,3934,4112,178,4112
6037403404,2221,2303,82,2303
6037403405,1355,1415,60,1415
6037403406,2359,2462,103,2462
6037403407,1704,1742,38,1742
6037403408,5503,5675,172,5675
6037403500,1529,1597,68,1597
6037403600,5250,5653,403,5653
6037403702,3006,3198,192,3198
6037403703,3980,4242,262,4242
6037403721,3790,4024,234,4024
6037403722,3912,4189,277,4189
6037403801,4907,5146,239,5146
6037403802,4748,4988,240,4988
6037403901,2700,2829,129,2829
6037403902,4004,4189,185,4189
6037404000,3783,3956,173,3956
6037404100,5190,5359,169,5359
6037404201,2746,2888,142,2888
6037404202,3283,3359,76,3359
6037404301,4089,4288,199,4288
6037404302,1737,1769,32,1769
6037404401,2878,2936,58,2936
6037404402,3664,3783,119,3783
6037404501,1838,1902,64,1902
6037404503,2206,2254,48,2254
6037404504,3529,3696,167,3696
6037404600,1016,1054,38,1054
6037404701,4239,4253,14,4253
6037404702,4137,4217,80,4217
6037404703,2374,2425,51,2425
6037404801,6120,6225,105,6225
6037404802,3411,3540,129,3540
6037404803,1308,1338,30,1338
6037404901,4517,4567,50,4567
6037404902,3214,3277,63,3277
6037404903,2054,2117,63,2117
6037405001,4708,4804,96,4804
6037405002,2395,2421,26,2421
6037405101,4325,4419,94,4419
6037405102,3339,3411,72,3411
6037405201,3718,3768,50,3768
6037405202,3965,4045,80,4045
6037405203,2973,3049,76,3049
6037405301,2640,2840,200,2840
6037405302,4626,4807,181,4807
6037405400,4140,4362,222,4362
6037405500,5188,5376,188,5376
6037405600,4453,4682,229,4682
6037405701,2874,2919,45,2919
6037405702,3942,4209,267,4209
6037405800,4375,4542,167,4542
6037405900,3022,3162,140,3162
6037406000,3912,4051,139,4051
6037406101,2646,2740,94,2740
6037406102,4670,4882,212,4882
6037406200,4515,4633,118,4633
6037406300,4449,4575,126,4575
6037406402,1729,1827,98,1827
6037406411,1695,1764,69,1764
6037406412,1974,2142,168,2142
6037406500,5051,5400,349,5400
6037406601,4590,4791,201,4791
6037406602,4538,4732,194,4732
6037406701,2451,2579,128,2579
6037406702,4693,4815,122,4815
6037406800,3856,4000,144,4000
6037406901,3577,3778,201,3778
6037406902,3006,3063,57,3063
6037407001,5049,5257,208,5257
6037407002,2798,2889,91,2889
6037407101,3518,3651,133,3651
6037407102,4409,4564,155,4564
6037407200,5534,5750,216,5750
6037407301,3966,4173,207,4173
6037407302,2775,2864,89,2864
6037407400,1650,1726,76,1726
6037407501,3347,3420,73,3420
6037407502,3157,3229,72,3229
6037407601,3168,3231,63,3231
6037407602,2926,3011,85,3011
6037407701,3630,3724,94,3724
6037407702,5246,5496,250,5496
6037407801,4257,4394,137,4394
6037407802,2909,3038,129,3038
6037407900,5270,5397,127,5397
6037408003,3743,3863,120,3863
6037408004,1831,1898,67,1898
6037408005,3792,3919,127,3919
6037408006,2772,2849,77,2849
6037408133,4442,4541,99,4541
6037408134,2327,2469,142,2469
6037408135,2986,3128,142,3128
6037408136,3062,3223,161,3223
6037408137,3140,3258,118,3258
6037408138,4068,4134,66,4134
6037408139,3026,3109,83,3109
6037408140,2836,2912,76,2912
6037408141,3962,4019,57,4019
6037408202,1570,1576,6,1576
6037408211,4899,4991,92,4991
6037408212,4447,4577,130,4577
6037408301,4404,4452,48,4452
6037408302,3355,3534,179,3534
6037408303,3619,3823,204,3823
6037408401,3376,3514,138,3514
6037408402,4988,5294,306,5294
6037408501,2531,2568,37,2568
6037408503,5340,5725,385,5725
6037408504,3884,4114,230,4114
6037408505,2087,2183,96,2183
6037408623,2522,2637,115,2637
6037408624,2684,2831,147,2831
6037408625,3119,3285,166,3285
6037408626,3970,4174,204,4174
6037408627,2828,2951,123,2951
6037408628,4562,4721,159,4721
6037408629,2235,2336,101,2336
6037408630,1947,2001,54,2001
6037408631,4265,4493,228,4493
6037408703,5429,5500,71,5500
6037408704,2600,2703,103,2703
6037408705,4534,4767,233,4767
6037408706,1528,1593,65,1593
6037408722,3853,3938,85,3938
6037408723,2465,2555,90,2555
6037408724,3761,3890,129,3890
6037408800,3191,3304,113,3304
6037430002,5553,5773,220,5773
6037430003,3828,4020,192,4020
6037430101,4194,4362,168,4362
6037430102,3782,3889,107,3889
6037430200,1004,1054,50,1054
6037430301,3645,3854,209,3854
6037430302,4408,4683,275,4683
6037430400,3689,3820,131,3820
6037430501,3245,3430,185,3430
6037430502,5625,5947,322,5947
6037430600,3628,3775,147,3775
6037430701,4289,4448,159,4448
6037430721,2792,2864,72,2864
6037430723,3389,3482,93,3482
6037430724,3784,3879,95,3879
6037430801,5216,5382,166,5382
6037430802,3514,3562,48,3562
6037430803,4357,4582,225,4582
6037430901,3490,3598,108,3598
6037430902,3785,3890,105,3890
6037431001,5750,5942,192,5942
6037431002,2559,2713,154,2713
6037431100,5496,5655,159,5655
6037431200,4808,4916,108,4916
6037431300,2207,2284,77,2284
6037431400,3361,3576,215,3576
6037431501,3662,3830,168,3830
6037431502,3318,3466,148,3466
6037431600,3455,3605,150,3605
6037431700,4804,4988,184,4988
6037431800,4804,4924,120,4924
6037431900,3504,3558,54,3558
6037432000,6306,6420,114,6420
6037432101,3303,3399,96,3399
6037432102,4554,4699,145,4699
6037432201,3747,3817,70,3817
6037432202,3545,3651,106,3651
6037432300,3498,3633,135,3633
6037432401,2906,2967,61,2967
6037432402,5401,5498,97,5498
6037432500,6964,7274,310,7274
6037432601,5662,5859,197,5859
6037432602,3730,3786,56,3786
6037432700,3940,4013,73,4013
6037432801,2206,2270,64,2270
6037432802,3915,3925,10,3925
6037432901,3517,3611,94,3611
6037432902,2743,2837,94,2837
6037433101,1881,1923,42,1923
6037433102,3685,3749,64,3749
6037433200,4774,4844,70,4844
6037433302,1176,1203,27,1203
6037433304,4026,4035,9,4035
6037433305,3869,3875,6,3875
6037433306,2418,2427,9,2427
6037433307,2433,2495,62,2495
6037433401,2255,2296,41,2296
6037433402,3413,3464,51,3464
6037433403,3358,3385,27,3385
6037433501,1364,1392,28,1392
6037433503,2257,2282,25,2282
6037433504,3427,3447,20,3447
6037433601,4254,4325,71,4325
6037433602,2310,2368,58,2368
6037433700,3180,3335,155,3335
6037433801,4548,4677,129,4677
6037433802,2808,2924,116,2924
6037433901,4127,4168,41,4168
6037433902,2520,2568,48,2568
6037434001,3143,3229,86,3229
6037434003,3441,3457,16,3457
6037434004,2078,2096,18,2096
6037460000,3804,3979,175,3979
6037460100,5065,5380,315,5380
6037460200,4658,5035,377,5035
6037460301,3399,3671,272,3671
6037460302,3809,4022,213,4022
6037460401,663,701,38,701
6037460501,4264,4451,187,4451
6037460502,3251,3411,160,3411
6037460600,3503,3642,139,3642
6037460700,3710,3853,143,3853
6037460800,2419,2608,189,2608
6037460900,5606,5762,156,5762
6037461000,5180,5402,222,5402
6037461100,3979,4146,167,4146
6037461200,3920,4176,256,4176
6037461300,5763,5904,141,5904
6037461400,2637,2690,53,2690
6037461501,3254,3386,132,3386
6037461502,5464,5584,120,5584
6037461600,4893,5037,144,5037
6037461700,1304,1352,48,1352
6037461901,4099,4178,79,4178
6037461902,1592,1683,91,1683
6037462001,2900,2974,74,2974
6037462002,3134,3209,75,3209
6037462100,4514,4613,99,4613
6037462201,3248,3459,211,3459
6037462202,2352,2374,22,2374
6037462301,3579,3751,172,3751
6037462302,2852,2892,40,2892
6037462400,3231,3358,127,3358
6037462500,5383,5565,182,5565
6037462600,1813,1923,110,1923
6037462700,4384,4489,105,4489
6037462800,2319,2460,141,2460
6037462900,3043,3209,166,3209
6037463000,1810,1873,63,1873
6037463101,2014,2131,117,2131
6037463102,2999,3066,67,3066
6037463200,2790,2953,163,2953
6037463300,1654,1739,85,1739
6037463400,4899,5180,281,5180
6037463500,5450,5646,196,5646
6037463601,5162,5299,137,5299
6037463602,5140,5271,131,5271
6037463700,2423,2604,181,2604
6037463800,3053,3331,278,3331
6037463900,2846,3173,327,3173
6037464000,4864,5090,226,5090
6037464100,5607,5760,153,5760
6037464200,4479,4702,223,4702
6037480002,2786,2941,155,2941
6037480011,4068,4177,109,4177
6037480012,3909,4043,134,4043
6037480101,3162,3266,104,3266
6037480102,3801,3907,106,3907
6037480201,3044,3202,158,3202
6037480202,1948,2021,73,2021
6037480302,3888,4012,124,4012
6037480303,3089,3153,64,3153
6037480304,3719,3776,57,3776
6037480400,4483,4598,115,4598
6037480500,3940,4186,246,4186
6037480600,6104,6270,166,6270
6037480702,3438,3651,213,3651
6037480703,2779,2909,130,2909
6037480704,3539,3662,123,3662
6037480802,2763,2952,189,2952
6037480803,3131,3247,116,3247
6037480804,4092,4180,88,4180
6037480901,4242,4358,116,4358
6037480902,3167,3243,76,3243
6037480903,2453,2502,49,2502
6037481001,3602,3679,77,3679
6037481002,5026,5176,150,5176
6037481101,3699,3812,113,3812
6037481102,3149,3200,51,3200
6037481103,4057,4118,61,4118
6037481201,3004,3055,51,3055
6037481202,4769,4837,68,4837
6037481300,2828,2882,54,2882
6037481401,5424,5487,63,5487
6037481402,6159,6217,58,6217
6037481500,3809,3900,91,3900
6037481603,2898,2974,76,2974
6037481604,3154,3240,86,3240
6037481605,2417,2495,78,2495
6037481606,4101,4154,53,4154
6037481711,3764,3856,92,3856
6037481712,4820,4864,44,4864
6037481713,2478,2505,27,2505
6037481714,2302,2324,22,2324
6037481800,2386,2486,100,2486
6037481901,5103,5248,145,5248
6037481902,2671,2782,111,2782
6037482001,2388,2561,173,2561
6037482002,5343,5543,200,5543
6037482101,3870,3966,96,3966
6037482102,2505,2633,128,2633
6037482201,3269,3348,79,3348
6037482202,4208,4291,83,4291
6037482301,3726,3789,63,3789
6037482303,4705,4737,32,4737
6037482304,2829,2863,34,2863
6037482401,3073,3129,56,3129
6037482402,6006,6144,138,6144
6037482502,2672,2726,54,2726
6037482503,3469,3499,30,3499
6037482521,4709,4785,76,4785
6037482522,4058,4249,191,4249
6037482600,5680,5927,247,5927
6037482701,3608,3737,129,3737
6037482702,2147,2287,140,2287
6037482800,3594,3737,143,3737
6037500100,3194,3452,258,3452
6037500201,5376,5719,343,5719
6037500202,3795,4030,235,4030
6037500300,2619,2688,69,2688
6037500402,3382,3442,60,3442
6037500403,3168,3270,102,3270
6037500404,3891,4079,188,4079
6037500500,2266,2312,46,2312
6037500600,4339,4419,80,4419
6037500700,4992,5312,320,5312
6037500800,4063,4134,71,4134
6037500900,4503,4671,168,4671
6037501001,2650,2700,50,2700
6037501002,3920,4070,150,4070
6037501200,3767,3969,202,3969
6037501300,5353,5583,230,5583
6037501400,3185,3343,158,3343
6037501501,2042,2148,106,2148
6037501503,3929,4053,124,4053
6037501504,2723,2831,108,2831
6037501600,6315,6545,230,6545
6037501700,2648,2732,84,2732
6037501802,2771,2872,101,2872
6037501803,2985,3076,91,3076
6037501804,1486,1523,37,1523
6037501900,3168,3342,174,3342
6037502003,1996,2047,51,2047
6037502004,3094,3140,46,3140
6037502005,3570,3707,137,3707
6037502100,4180,4420,240,4420
6037502200,5138,5437,299,5437
6037502301,4662,4804,142,4804
6037502302,2298,2351,53,2351
6037502401,3977,4146,169,4146
6037502402,3019,3143,124,3143
6037502500,3071,3156,85,3156
6037502601,5664,5997,333,5997
6037502602,3494,3557,63,3557
6037502700,5296,5510,214,5510
6037502801,5003,5170,167,5170
6037502802,2435,2510,75,2510
6037502901,4441,4570,129,4570
6037502902,2999,3069,70,3069
6037503000,3795,3860,65,3860
6037503103,3903,4033,130,4033
6037503104,1825,1916,91,1916
6037503105,3133,3233,100,3233
6037503106,2720,2896,176,2896
6037503201,3268,3427,159,3427
6037503202,3876,4008,132,4008
6037503301,2415,2545,130,2545
6037503302,5168,5324,156,5324
6037503401,5094,5395,301,5395
6037503402,3158,3359,201,3359
6037503501,4760,5035,275,5035
6037503502,3276,3538,262,3538
6037503601,3374,3608,234,3608
6037503602,3550,3688,138,3688
6037503701,4103,4317,214,4317
6037503702,4144,4424,280,4424
6037503703,6634,7002,368,7002
6037503801,3051,3254,203,3254
6037503802,3951,4205,254,4205
6037503901,2305,2470,165,2470
6037503902,3498,3783,285,3783
6037504001,5181,5306,125,5306
6037504002,4004,4240,236,4240
6037504101,4110,4265,155,4265
6037504102,7,7,0,7
6037530003,2789,2968,179,2968
6037530004,3061,3182,121,3182
6037530005,3654,3844,190,3844
6037530006,3188,3301,113,3301
6037530101,4201,4264,63,4264
6037530102,4266,4387,121,4387
6037530202,3521,3661,140,3661
6037530203,2272,2351,79,2351
6037530204,2982,2994,12,2994
6037530301,1535,1598,63,1598
6037530302,5448,5542,94,5542
6037530400,2825,2907,82,2907
6037530500,3209,3277,68,3277
6037530601,2280,2322,42,2322
6037530602,1180,1249,69,1249
6037530700,1757,1773,16,1773
6037530801,3679,3759,80,3759
6037530802,2594,2637,43,2637
6037530901,2695,2719,24,2719
6037530902,3087,3097,10,3097
6037531000,3732,3788,56,3788
6037531101,3507,3531,24,3531
6037531102,2408,2421,13,2421
6037531201,3973,4029,56,4029
6037531202,3177,3187,10,3187
6037531301,3686,3727,41,3727
6037531302,4864,4885,21,4885
6037531502,2393,2431,38,2431
6037531503,1864,1879,15,1879
6037531504,2980,3049,69,3049
6037531602,3647,3674,27,3674
6037531603,2246,2278,32,2278
6037531604,2701,2726,25,2726
6037531701,4086,4115,29,4115
6037531702,3515,3581,66,3581
6037531800,3914,3972,58,3972
6037531901,4588,4641,53,4641
6037531902,3312,3445,133,3445
6037532001,2331,2367,36,2367
6037532002,2513,2569,56,2569
6037532101,4596,4737,141,4737
6037532102,3048,3082,34,3082
6037532200,4864,4968,104,4968
6037532302,3520,3581,61,3581
6037532303,3593,3660,67,3660
6037532304,3205,3365,160,3365
6037532400,45,45,0,45
6037532500,2952,2981,29,2981
6037532603,2211,2222,11,2222
6037532604,1943,1951,8,1951
6037532605,2828,2896,68,2896
6037532606,3365,3426,61,3426
6037532700,2234,2259,25,2259
6037532800,2591,2599,8,2599
6037532900,4643,4734,91,4734
6037533001,2985,3015,30,3015
6037533002,1871,1875,4,1875
6037533103,2182,2193,11,2193
6037533104,2868,2884,16,2884
6037533105,1770,1785,15,1785
6037533106,1211,1215,4,1215
6037533107,2474,2501,27,2501
6037533201,1999,2018,19,2018
6037533202,2032,2036,4,2036
6037533203,1397,1411,14,1411
6037533300,2241,2262,21,2262
6037533401,3902,3919,17,3919
6037533402,2837,2837,0,2837
6037533403,2187,2207,20,2207
6037533501,2241,2241,0,2241
6037533502,1479,1487,8,1487
6037533503,1527,1550,23,1550
6037533601,3241,3269,28,3269
6037533602,3863,3900,37,3900
6037533603,4859,4936,77,4936
6037533701,2218,2244,26,2244
6037533702,2670,2689,19,2689
6037533703,3131,3135,4,3135
6037533803,4396,4468,72,4468
6037533804,3401,3464,63,3464
6037533805,2734,2746,12,2746
6037533806,2488,2488,0,2488
6037533901,4253,4291,38,4291
6037533902,2720,2726,6,2726
6037534001,3595,3616,21,3616
6037534002,3228,3256,28,3256
6037534101,1535,1578,43,1578
6037534102,4363,4379,16,4379
6037534201,3034,3068,34,3068
6037534202,3783,3813,30,3813
6037534203,2398,2420,22,2420
6037534301,3162,3179,17,3179
6037534302,2420,2446,26,2446
6037534403,2209,2214,5,2214
6037534404,2543,2569,26,2569
6037534405,2713,2732,19,2732
6037534406,3306,3314,8,3314
6037534501,3949,3986,37,3986
6037534502,3525,3587,62,3587
6037534700,3625,3658,33,3658
6037534802,2285,2300,15,2300
6037534803,3418,3480,62,3480
6037534804,2896,2902,6,2902
6037534900,4422,4454,32,4454
6037535001,3040,3072,32,3072
6037535002,2563,2596,33,2596
6037535101,5444,5504,60,5504
6037535102,3368,3394,26,3394
6037535200,4383,4397,14,4397
6037535300,4177,4232,55,4232
6037535400,2058,2058,0,2058
6037535501,2653,2670,17,2670
6037535502,3773,3803,30,3803
6037535503,1764,1785,21,1785
6037535603,2565,2589,24,2589
6037535604,3079,3090,11,3090
6037535605,3327,3348,21,3348
6037535606,1398,1436,38,1436
6037535607,3367,3375,8,3375
6037535701,4396,4442,46,4442
6037535702,3781,3790,9,3790
6037535802,4968,5154,186,5154
6037535803,3344,3377,33,3377
6037535804,3909,3960,51,3960
6037535901,3923,3990,67,3990
6037535902,5262,5314,52,5314
6037536000,2668,2722,54,2722
6037536102,2580,2688,108,2688
6037536103,4317,4435,118,4435
6037536104,2958,2993,35,2993
6037536200,5359,5547,188,5547
6037540000,5165,5287,122,5287
6037540101,4872,4878,6,4878
6037540102,5103,5200,97,5200
6037540201,1361,1388,27,1388
6037540202,4689,4737,48,4737
6037540203,4096,4248,152,4248
6037540300,3789,3846,57,3846
6037540400,1652,1675,23,1675
6037540501,5354,5404,50,5404
6037540502,4301,4320,19,4320
6037540600,3112,3191,79,3191
6037540700,2400,2456,56,2456
6037540800,4521,4657,136,4657
6037540901,3488,3511,23,3511
6037540902,3846,4146,300,4146
6037541001,852,913,61,913
6037541002,2450,2614,164,2614
6037541100,2408,2498,90,2498
6037541200,4764,4939,175,4939
6037541300,4088,4175,87,4175
6037541400,4911,4929,18,4929
6037541500,4184,4184,0,4184
6037541603,2266,2308,42,2308
6037541604,4199,4246,47,4246
6037541605,3890,3975,85,3975
6037541606,1720,1759,39,1759
6037541700,4686,4755,69,4755
6037541801,3907,4004,97,4004
6037541802,3925,3973,48,3973
6037542000,3544,3557,13,3557
6037542103,2765,2806,41,2806
6037542104,2364,2397,33,2397
6037542105,3301,3315,14,3315
6037542106,2425,2444,19,2444
6037542200,5263,5457,194,5457
6037542401,3624,3730,106,3730
6037542402,2340,2379,39,2379
6037542501,3284,3386,102,3386
6037542502,3422,3523,101,3523
6037542601,2002,2018,16,2018
6037542602,4288,4372,84,4372
6037542700,4174,4231,57,4231
6037542800,2306,2419,113,2419
6037542900,2312,2393,81,2393
6037543000,3333,3478,145,3478
6037543100,5261,5567,306,5567
6037543201,2708,2802,94,2802
6037543202,3349,3366,17,3366
6037543304,4887,5361,474,5361
6037543305,2727,2815,88,2815
6037543306,6173,6423,250,6423
6037543321,4643,5026,383,5026
6037543322,5792,6368,576,6368
6037543400,3098,3256,158,3256
6037543501,5608,5856,248,5856
6037543502,3325,3521,196,3521
6037543503,4789,5021,232,5021
6037543601,2878,2933,55,2933
6037543602,6584,7001,417,7001
6037543603,3727,4120,393,4120
6037543604,4455,4621,166,4621
6037543701,2378,2462,84,2462
6037543702,5485,5553,68,5553
6037543703,2695,2854,159,2854
6037543801,4201,4347,146,4347
6037543802,5215,5362,147,5362
6037543903,2966,3103,137,3103
6037543905,3302,3353,51,3353
6037544001,3635,3792,157,3792
6037544002,2617,2695,78,2695
6037550000,1673,1773,100,1773
6037550100,5794,5977,183,5977
6037550201,2141,2224,83,2224
6037550202,4479,4551,72,4551
6037550300,6030,6312,282,6312
6037550400,1094,1152,58,1152
6037550500,6088,6333,245,6333
6037550601,4042,4152,110,4152
6037550602,3583,3738,155,3738
6037550700,5199,5315,116,5315
6037550800,5947,6136,189,6136
6037550901,2995,3165,170,3165
6037550902,4426,4548,122,4548
6037551000,5757,6002,245,6002
6037551101,2799,2867,68,2867
6037551102,3979,4040,61,4040
6037551201,2764,2821,57,2821
6037551202,5704,5874,170,5874
6037551300,4136,4261,125,4261
6037551401,3528,3686,158,3686
6037551402,3474,3610,136,3610
6037551501,3502,3565,63,3565
6037551502,3210,3333,123,3333
6037551600,31,37,6,37
6037551700,4507,4597,90,4597
6037551800,6245,6481,236,6481
6037551900,4086,4302,216,4302
6037552001,3207,3353,146,3353
6037552002,2789,2911,122,2911
6037552100,4809,4904,95,4904
6037552200,4148,4279,131,4279
6037552301,3423,3509,86,3509
6037552302,3205,3358,153,3358
6037552400,1870,1920,50,1920
6037552601,4103,4242,139,4242
6037552602,3420,3516,96,3516
6037552700,5348,5543,195,5543
6037552800,4348,4526,178,4526
6037552900,5329,5465,136,5465
6037553000,3792,3917,125,3917
6037553100,4742,4962,220,4962
6037553200,5960,6349,389,6349
6037553300,2779,2841,62,2841
6037553400,2607,2682,75,2682
6037553502,3186,3351,165,3351
6037553503,2088,2116,28,2116
6037553504,4162,4233,71,4233
6037553601,3390,3455,65,3455
6037553602,3595,3681,86,3681
6037553701,2901,2920,19,2920
6037553702,3170,3179,9,3179
6037553801,3145,3168,23,3168
6037553802,4606,4742,136,4742
6037553901,4780,4917,137,4917
6037553902,3985,4066,81,4066
6037554001,2868,3073,205,3073
6037554002,4217,4293,76,4293
6037554101,2629,2678,49,2678
6037554103,1261,1298,37,1298
6037554104,1764,1819,55,1819
6037554105,3134,3220,86,3220
6037554201,3183,3240,57,3240
6037554203,2946,2988,42,2988
6037554204,3140,3282,142,3282
6037554301,2746,2899,153,2899
6037554302,2990,3054,64,3054
6037554403,4004,4128,124,4128
6037554404,3064,3155,91,3155
6037554405,2316,2412,96,2412
6037554406,3844,4039,195,4039
6037554511,2989,3087,98,3087
6037554512,4943,5193,250,5193
6037554513,2107,2181,74,2181
6037554514,3863,3992,129,3992
6037554515,3204,3407,203,3407
6037554516,3236,3356,120,3356
6037554517,3554,3702,148,3702
6037554518,4346,4649,303,4649
6037554519,2966,3106,140,3106
6037554521,5132,5379,247,5379
6037554522,4201,4462,261,4462
6037554600,3481,3565,84,3565
6037554700,3577,3715,138,3715
6037554801,2370,2409,39,2409
6037554802,5119,5314,195,5314
6037554900,5901,6023,122,6023
6037555001,4235,4310,75,4310
6037555002,2438,2535,97,2535
6037555102,5121,5180,59,5180
6037555103,3883,4105,222,4105
6037555104,3118,3213,95,3213
6037555202,2626,2853,227,2853
6037555211,4217,4290,73,4290
6037555212,3196,3265,69,3265
6037570001,3957,4214,257,4214
6037570002,2288,2424,136,2424
6037570003,3385,3586,201,3586
6037570100,2493,2664,171,2664
6037570202,4456,4669,213,4669
6037570203,2714,2744,30,2744
6037570204,3135,3315,180,3315
6037570301,5274,5391,117,5391
6037570303,2843,2947,104,2947
6037570304,3437,3546,109,3546
6037570402,2654,2782,128,2782
6037570403,3293,3326,33,3326
6037570404,2429,2466,37,2466
6037570501,5352,5609,257,5609
6037570502,4486,4660,174,4660
6037570601,4296,4402,106,4402
6037570602,4643,4820,177,4820
6037570603,3200,3384,184,3384
6037570701,5294,5639,345,5639
6037570702,1870,2015,145,2015
6037570800,4128,4368,240,4368
6037570901,4502,4802,300,4802
6037570902,2890,3100,210,3100
6037571000,4574,4990,416,4990
6037571101,3511,3723,212,3723
6037571102,3124,3328,204,3328
6037571200,6457,6899,442,6899
6037571300,3379,3545,166,3545
6037571400,3599,3764,165,3764
6037571502,3536,3721,185,3721
6037571503,3035,3233,198,3233
6037571504,3837,4073,236,4073
6037571600,1231,1274,43,1274
6037571701,4577,4788,211,4788
6037571703,2520,2588,68,2588
6037571704,3027,3121,94,3121
6037571800,2542,2815,273,2815
6037571900,4356,4715,359,4715
6037572001,4282,4493,211,4493
6037572002,4122,4628,506,4628
6037572100,809,886,77,886
6037572201,4885,5207,322,5207
6037572202,2844,2926,82,2926
6037572301,3128,3202,74,3202
6037572302,2590,2680,90,2680
6037572400,969,1025,56,1025
6037572500,2565,2705,140,2705
6037572600,4134,4316,182,4316
6037572700,4255,4468,213,4468
6037572800,798,898,100,898
6037572900,4045,4232,187,4232
6037573002,2781,2844,63,2844
6037573003,1467,1542,75,1542
6037573004,3202,3343,141,3343
6037573100,5680,6027,347,6027
6037573201,3407,3473,66,3473
6037573202,4636,4709,73,4709
6037573300,2999,3008,9,3008
6037573401,976,1000,24,1000
6037573402,5256,5541,285,5541
6037573403,2853,3042,189,3042
6037573601,4677,5198,521,5198
6037573700,3797,4122,325,4122
6037573800,3377,3643,266,3643
6037573902,1592,1669,77,1669
6037574000,4204,4450,246,4450
6037574100,4019,4254,235,4254
6037574201,2323,2449,126,2449
6037574202,1821,1928,107,1928
6037574300,4533,4839,306,4839
6037574400,3947,4259,312,4259
6037574500,5107,5551,444,5551
6037574601,2180,2185,5,2185
6037574602,1062,1143,81,1143
6037574700,143,207,64,207
6037574800,2423,2550,127,2550
6037574901,2855,2974,119,2974
6037574902,4530,4710,180,4710
6037575001,3085,3185,100,3185
6037575002,3938,4099,161,4099
6037575101,3439,3513,74,3513
6037575102,2925,2981,56,2981
6037575103,4059,4260,201,4260
6037575201,3208,3271,63,3271
6037575202,3184,3214,30,3214
6037575300,3286,3304,18,3304
6037575401,3626,3764,138,3764
6037575402,2736,2773,37,2773
6037575500,35,35,0,35
6037575801,1508,1543,35,1543
6037575802,3790,3911,121,3911
6037575803,2320,2428,108,2428
6037575901,2563,2636,73,2636
6037575902,4548,4910,362,4910
6037576001,4909,5190,281,5190
6037576200,4613,4826,213,4826
6037576301,3148,3296,148,3296
6037576302,3067,3136,69,3136
6037576401,3645,3698,53,3698
6037576402,3596,3670,74,3670
6037576403,3465,3629,164,3629
6037576501,2275,2503,228,2503
6037576502,3637,3882,245,3882
6037576503,3674,3784,110,3784
6037576601,4338,4618,280,4618
6037576602,4029,4399,370,4399
6037576700,3580,3686,106,3686
6037576801,3369,3588,219,3588
6037576802,3095,3264,169,3264
6037576901,4276,4392,116,4392
6037576903,2730,2804,74,2804
6037576904,2676,2739,63,2739
6037577000,5936,6140,204,6140
6037577100,5869,6132,263,6132
6037577200,5097,5354,257,5354
6037577300,5034,5217,183,5217
6037577400,2688,2835,147,2835
6037577501,3071,3335,264,3335
6037577504,1194,1284,90,1284
6037577602,2756,3081,325,3081
6037577603,6624,7015,391,7015
6037577604,1249,1340,91,1340
6037599000,2510,2600,90,2600
6037599100,234,241,7,241
6037600100,4984,5074,90,5074
6037600201,2976,3068,92,3068
6037600202,4709,4879,170,4879
6037600302,2305,2470,165,2470
6037600303,2874,2926,52,2926
6037600304,2270,2330,60,2330
6037600400,3335,3517,182,3517
6037600501,2043,2183,140,2183
6037600502,1778,1920,142,1920
6037600601,2142,2416,274,2416
6037600602,1786,1817,31,1817
6037600702,3834,3972,138,3972
6037600703,1632,1716,84,1716
6037600704,2362,2609,247,2609
6037600801,2691,2862,171,2862
6037600802,2149,2328,179,2328
6037600902,4811,4984,173,4984
6037600911,2722,2893,171,2893
6037600912,4201,4226,25,4226
6037601001,1858,2000,142,2000
6037601002,3776,3873,97,3873
6037601100,4855,5008,153,5008
6037601202,2916,2956,40,2956
6037601211,2182,2293,111,2293
6037601212,5088,5292,204,5292
6037601301,1487,1540,53,1540
6037601302,5514,5775,261,5775
6037601303,3696,3885,189,3885
6037601401,4286,5066,780,5066
6037601402,4020,4117,97,4117
6037601501,2831,2855,24,2855
6037601502,2635,2697,62,2697
6037601600,2946,2985,39,2985
6037601700,3825,3862,37,3862
6037601801,2425,2459,34,2459
6037601802,2869,2902,33,2902
6037601900,3483,3483,0,3483
6037602002,2200,2268,68,2268
6037602003,3201,3272,71,3272
6037602004,2901,2999,98,2999
6037602103,5191,5404,213,5404
6037602104,4014,4127,113,4127
6037602105,3432,3561,129,3561
6037602106,4363,4450,87,4450
6037602200,5839,6077,238,6077
6037602301,4943,5098,155,5098
6037602302,2664,2858,194,2858
6037602402,4678,4842,164,4842
6037602403,4105,4202,97,4202
6037602404,4639,4737,98,4737
6037602504,3515,3615,100,3615
6037602505,2965,3099,134,3099
6037602506,2886,3085,199,3085
6037602507,3258,3410,152,3410
6037602508,5267,5338,71,5338
6037602509,3154,3205,51,3205
6037602600,6933,7442,509,7442
6037602700,2907,3077,170,3077
6037602801,2786,2837,51,2837
6037602802,3718,3820,102,3820
6037602900,3193,3279,86,3279
6037603001,5688,5851,163,5851
6037603004,1267,1333,66,1333
6037603005,4208,4327,119,4327
6037603006,1521,1575,54,1575
6037603101,3236,3452,216,3452
6037603102,2988,3180,192,3180
6037603200,2737,2836,99,2836
6037603301,3208,3344,136,3344
6037603302,3249,3486,237,3486
6037603400,3367,3530,163,3530
6037603500,2364,2467,103,2467
6037603600,3514,3732,218,3732
6037603702,3978,4175,197,4175
6037603703,2157,2288,131,2288
6037603704,4616,4714,98,4714
6037603801,3751,3895,144,3895
6037603802,2983,3165,182,3165
6037603900,5646,5899,253,5899
6037604001,3468,3524,56,3524
6037604002,3974,4061,87,4061
6037604100,5550,5811,261,5811
6037609900,1744,1822,78,1822
6037620001,3277,3478,201,3478
6037620002,2632,2774,142,2774
6037620101,4048,4233,185,4233
6037620102,2941,3146,205,3146
6037620201,1376,1422,46,1422
6037620301,3361,3615,254,3615
6037620303,3058,3208,150,3208
6037620305,4702,4933,231,4933
6037620400,3979,4292,313,4292
6037620501,4577,4810,233,4810
6037620521,2937,3067,130,3067
6037620522,3805,4076,271,4076
6037620601,4331,4524,193,4524
6037620602,4240,4528,288,4528
6037620701,5306,5760,454,5760
6037620702,5317,5526,209,5526
6037620800,5930,6267,337,6267
6037620901,2151,2258,107,2258
6037620904,2207,2268,61,2268
6037621001,3622,3846,224,3846
6037621002,823,879,56,879
6037621004,3725,3839,114,3839
6037621102,2304,2429,125,2429
6037621104,5689,5996,307,5996
6037621201,4924,5122,198,5122
6037621204,2868,3009,141,3009
6037621301,5374,5578,204,5578
6037621324,3166,3419,253,3419
6037621326,2652,2808,156,2808
6037621400,3589,3787,198,3787
6037650001,4671,4992,321,4992
6037650003,2491,2622,131,2622
6037650004,3333,3473,140,3473
6037650101,4659,4949,290,4949
6037650102,1887,1997,110,1997
6037650200,4820,5111,291,5111
6037650300,5559,5863,304,5863
6037650401,3569,3719,150,3719
6037650501,2386,2538,152,2538
6037650502,3524,3790,266,3790
6037650602,6079,6433,354,6433
6037650603,3003,3216,213,3216
6037650604,4585,4791,206,4791
6037650605,2350,2535,185,2535
6037650701,1950,2073,123,2073
6037650702,3892,4195,303,4195
6037650800,5216,5429,213,5429
6037650901,4849,5037,188,5037
6037650902,4798,5086,288,5086
6037651001,4697,5026,329,5026
6037651002,4025,4358,333,4358
6037651101,4155,4449,294,4449
6037651102,3217,3469,252,3469
6037651201,3911,4222,311,4222
6037651221,2620,2739,119,2739
6037651222,4839,5147,308,5147
6037651302,4792,5155,363,5155
6037651304,3958,4280,322,4280
6037651401,2015,2089,74,2089
6037651402,4880,5065,185,5065
6037670001,2868,3018,150,3018
6037670002,3102,3331,229,3331
6037670003,4580,4908,328,4908
6037670100,5709,5986,277,5986
6037670201,3003,3236,233,3236
6037670202,2027,2119,92,2119
6037670324,3820,4098,278,4098
6037670326,2733,2993,260,2993
6037670328,3811,4079,268,4079
6037670403,2099,2263,164,2263
6037670405,2277,2514,237,2514
6037670406,1541,1591,50,1591
6037670407,4520,4720,200,4720
6037670411,3317,3571,254,3571
6037670413,3666,3911,245,3911
6037670416,3354,3547,193,3547
6037670500,1364,1478,114,1478
6037670602,5769,6346,577,6346
6037670701,5596,6042,446,6042
6037670702,4460,4815,355,4815
6037700101,5007,5153,146,5153
6037700102,3777,3867,90,3867
6037700200,6932,7199,267,7199
6037700300,6047,6227,180,6227
6037700400,5084,5301,217,5301
6037700501,3780,3915,135,3915
6037700502,4213,4331,118,4331
6037700600,3861,4090,229,4090
6037700700,2566,2651,85,2651
6037700801,4414,4558,144,4558
6037700802,3300,3443,143,3443
6037700901,2924,3016,92,3016
6037700902,5971,6055,84,6055
6037701000,4416,4557,141,4557
6037701100,1005,1528,523,1528
6037701201,2939,3126,187,3126
6037701202,2881,2945,64,2945
6037701302,4386,4531,145,4531
6037701304,5357,5613,256,5613
6037701402,5693,6040,347,6040
6037701501,4333,4408,75,4408
6037701502,3438,3584,146,3584
6037701601,3842,3982,140,3982
6037701602,3350,3441,91,3441
6037701701,2796,2879,83,2879
6037701702,3060,3158,98,3158
6037701801,5296,5427,131,5427
6037701802,3846,4031,185,4031
6037701902,4345,4517,172,4517
6037702002,5648,5734,86,5734
6037702102,5341,5615,274,5615
6037702201,3563,3666,103,3666
6037702202,3158,3290,132,3290
6037702300,5670,5867,197,5867
6037702400,3804,3887,83,3887
6037702501,3856,3882,26,3882
6037702502,3428,3523,95,3523
6037702600,4805,5056,251,5056
6037702700,2793,2899,106,2899
6037702801,4151,4338,187,4338
6037702802,2061,2174,113,2174
6037702803,2551,2688,137,2688
6037702901,9080,9465,385,9465
6037703001,4936,5110,174,5110
6037703002,5710,6204,494,6204
6037703100,4642,5143,501,5143
6037703200,4655,5084,429,5084
6037800101,4525,4732,207,4732
6037800102,5248,5517,269,5517
6037800202,4424,4552,128,4552
6037800203,4202,4372,170,4372
6037800204,3771,3866,95,3866
6037800324,5007,5214,207,5214
6037800325,2759,3013,254,3013
6037800326,4100,4379,279,4379
6037800327,4537,4623,86,4623
6037800328,2345,2446,101,2446
6037800329,5096,5206,110,5206
6037800330,788,823,35,823
6037800331,576,603,27,603
6037800332,4861,5122,261,5122
6037800406,2337,2451,114,2451
6037800408,6012,6233,221,6233
6037800410,3653,3715,62,3715
6037800504,2113,2219,106,2219
6037800506,2458,2541,83,2541
6037900102,528,567,39,567
6037900103,4119,4487,368,4487
6037900104,4180,4539,359,4539
6037900201,822,924,102,924
6037900300,3500,3704,204,3704
6037900501,4805,5167,362,5167
6037900504,4708,5070,362,5070
6037900505,2435,2639,204,2639
6037900506,3240,3362,122,3362
6037900507,4978,5193,215,5193
6037900508,2284,2494,210,2494
6037900602,3924,4118,194,4118
6037900605,5096,5352,256,5352
6037900606,2441,2610,169,2610
6037900607,2557,2712,155,2712
6037900608,2591,2804,213,2804
6037900609,3568,3912,344,3912
6037900701,3240,3486,246,3486
6037900703,3164,3392,228,3392
6037900704,2082,2253,171,2253
6037900705,3078,3394,316,3394
6037900803,6390,6757,367,6757
6037900804,2415,2537,122,2537
6037900805,3742,4044,302,4044
6037900806,3271,3379,108,3379
6037900900,3156,3499,343,3499
6037901003,4600,4784,184,4784
6037901004,8859,9714,855,9714
6037901007,1616,1742,126,1742
6037901008,2147,2350,203,2350
6037901009,4317,4729,412,4729
6037901010,4169,4520,351,4520
6037901011,3982,4301,319,4301
6037901101,3969,4331,362,4331
6037901102,4306,4732,426,4732
6037901205,8202,9063,861,9063
6037901209,1186,1321,135,1321
6037901210,1383,1509,126,1509
6037901213,2983,3371,388,3371
6037910001,4464,4603,139,4603
6037910002,5372,5647,275,5647
6037910101,1245,1276,31,1276
6037910201,2941,3099,158,3099
6037910202,4189,4627,438,4627
6037910205,974,1051,77,1051
6037910206,2448,2596,148,2596
6037910207,4511,4935,424,4935
6037910208,4575,4908,333,4908
6037910209,3471,3742,271,3742
6037910210,5275,5743,468,5743
6037910301,3037,3387,350,3387
6037910302,4180,4609,429,4609
6037910401,5182,5631,449,5631
6037910402,2360,2479,119,2479
6037910403,1228,1244,16,1244
6037910404,2833,2941,108,2941
6037910501,3105,3251,146,3251
6037910502,2705,2780,75,2780
6037910504,3167,3291,124,3291
6037910505,2153,2237,84,2237
6037910601,4660,4803,143,4803
6037910602,2775,2923,148,2923
6037910603,4818,5069,251,5069
6037910605,3120,3212,92,3212
6037910606,2255,2364,109,2364
6037910705,8225,8630,405,8630
6037910706,4080,4259,179,4259
6037910707,3191,3381,190,3381
6037910709,1345,1432,87,1432
6037910711,5802,6024,222,6024
6037910712,2014,2110,96,2110
6037910713,3944,4125,181,4125
6037910714,2658,2701,43,2701
6037910715,4551,4770,219,4770
6037910716,4173,4434,261,4434
6037910804,2604,2972,368,2972
6037910805,3992,4283,291,4283
6037910807,4924,5094,170,5094
6037910808,2627,2804,177,2804
6037910809,1798,1900,102,1900
6037910810,2136,2233,97,2233
6037910811,151,151,0,151
6037910812,263,301,38,301
6037910813,3199,3484,285,3484
6037911001,3413,3791,378,3791
6037920011,266,294,28,294
6037920012,872,934,62,934
6037920013,4042,4349,307,4349
6037920015,4206,4446,240,4446
6037920016,3439,3619,180,3619
6037920017,3668,3963,295,3963
6037920018,1730,1848,118,1848
6037920020,5247,5534,287,5534
6037920023,2110,2157,47,2157
6037920026,359,407,48,407
6037920028,4768,5005,237,5005
6037920029,2694,2890,196,2890
6037920030,4306,4467,161,4467
6037920031,5241,5768,527,5768
6037920032,2381,2520,139,2520
6037920033,536,600,64,600
6037920034,2635,2873,238,2873
6037920035,5602,5855,253,5855
6037920036,2418,2511,93,2511
6037920037,4934,5042,108,5042
6037920038,3216,3387,171,3387
6037920039,1448,1603,155,1603
6037920040,2522,2625,103,2625
6037920041,2034,2133,99,2133
6037920042,5682,5917,235,5917
6037920043,4296,4423,127,4423
6037920044,2038,2183,145,2183
6037920045,3543,3788,245,3788
6037920102,3984,4296,312,4296
6037920104,2320,2465,145,2465
6037920106,2547,2710,163,2710
6037920107,2900,2980,80,2980
6037920108,3371,3628,257,3628
6037920109,4215,4375,160,4375
6037920110,2526,2597,71,2597
6037920111,2299,2609,310,2609
6037920112,3403,3639,236,3639
6037920114,4705,4877,172,4877
6037920115,3002,3219,217,3219
6037920116,3683,3946,263,3946
6037920118,4473,4640,167,4640
6037920119,1367,1422,55,1422
6037920200,5422,5555,133,5555
6037920303,1334,1349,15,1349
6037920312,4117,4401,284,4401
6037920313,4154,4405,251,4405
6037920314,2275,2372,97,2372
6037920322,2114,2188,74,2188
6037920326,5148,5285,137,5285
6037920328,1662,1757,95,1757
6037920329,4239,4488,249,4488
6037920330,4146,4471,325,4471
6037920331,3026,3196,170,3196
6037920332,2060,2145,85,2145
6037920334,5016,5225,209,5225
6037920336,4485,4544,59,4544
6037920337,5294,5368,74,5368
6037920338,4180,4394,214,4394
6037920339,5215,5329,114,5329
6037930101,45,52,7,52
6037930200,449,460,11,460
6037930301,798,841,43,841
6037980001,0,0,0,0
6037980002,0,0,0,0
6037980003,0,0,0,0
6037980004,0,0,0,0
6037980005,0,0,0,0
6037980006,0,0,0,0
6037980007,0,0,0,0
6037980008,48,48,0,48
6037980009,5,5,0,5
6037980010,105,114,9,114
6037980013,0,0,0,0
6037980014,0,0,0,0
6037980015,419,454,35,454
6037980018,0,0,0,0
6037980019,133,133,0,133
6037980020,0,0,0,0
6037980021,8,8,0,8
6037980022,0,0,0,0
6037980023,0,0,0,0
6037980024,185,190,5,190
6037980025,0,0,0,0
6037980026,16,20,4,20
6037980028,0,0,0,0
6037980030,0,0,0,0
6037980031,1090,1180,90,1180
6037980033,12,24,12,24
6037990100,0,0,0,0
6037990200,0,0,0,0
6037990300,0,0,0,0